185,620
60,-472,-2
88,15
88,65
88,115
88,165
88,215
148,15
148,65
148,115
148,165
148,215
208,15
208,65
208,115
208,165
dead
268,15
268,65
268,115
dead
dead
328,15
328,65
328,115
328,165
dead
388,15
388,65
388,115
388,165
dead
448,15
448,65
448,115
448,165
dead
508,15
508,65
508,115
508,165
508,215
568,15
568,65
568,115
568,165
568,215
628,15
628,65
628,115
628,165
628,215
688,15
688,65
688,115
688,165
688,215
748,15
748,65
748,115
748,165
748,215
7
703,668
823,718
883,718
1003,718
523,488
943,538
703,358
0
60,3
